9.978959260076122328e-01 9.959094137242084921e-01 9.922566439768877311e-01
9.941780780092979164e-01 9.887686178871480935e-01 9.790497560739509497e-01
9.720177580437660003e-01 9.461993600683873407e-01 9.003129165840215720e-01
9.565926280589189812e-01 9.168901101871848036e-01 8.471832553824967249e-01
9.363869160654925139e-01 8.787911473088720893e-01 7.791163572249713010e-01
9.201598140660867120e-01 8.486286427036577873e-01 7.266797656988194243e-01
9.062879560576845295e-01 8.234697023374273339e-01 6.849683854512931269e-01
8.893965740473419590e-01 7.932842282914931431e-01 6.362981174482373881e-01
8.758845040358995693e-01 7.696095113691290290e-01 5.995457777794375165e-01
8.616624880264333042e-01 7.451677634430509123e-01 5.630728339173153296e-01
8.437018580169288740e-01 7.150102433999754314e-01 5.199259500880138996e-01
8.245864040089659897e-01 6.838779888028599929e-01 4.778718364259892937e-01
8.004433080030972647e-01 6.454740455255306708e-01 4.281036599998109815e-01
7.749903259988963899e-01 6.063734327755452291e-01 3.807243287334227122e-01
7.427935279959957393e-01 5.595794368183307776e-01 3.288699883877935215e-01
7.050225659968302194e-01 5.071776913332793901e-01 2.752888339605348844e-01
6.666129119995881647e-01 4.566657076035789409e-01 2.281826107227830636e-01
6.245493820024042853e-01 4.034167873937389848e-01 1.819089921321635495e-01
5.783592980049454546e-01 3.488610013153064515e-01 1.398527738436379786e-01
5.385174640049064099e-01 3.041232464804461966e-01 1.085319324162428711e-01
4.981518559978354022e-01 2.615908072861025668e-01 8.201299900134802201e-02
4.716524739925095910e-01 2.348738824491838351e-01 6.665254679200732779e-02
4.453114859830751837e-01 2.093312582898005092e-01 5.309194642426409011e-02
4.273844539724090952e-01 1.925075358086199839e-01 4.477842601976114723e-02
4.105419719651023924e-01 1.775370244068740222e-01 3.809502617446537676e-02
3.975806359618033192e-01 1.660341120851777930e-01 3.304493110799876232e-02
