9.980647693863404779e-01 9.963118570193014722e-01 9.932791454267826392e-01
9.955813387764798073e-01 9.915809132078092780e-01 9.846628126071658160e-01
9.850961510153735112e-01 9.717424246710156810e-01 9.490014076222407224e-01
9.780028489684110538e-01 9.583108058518696737e-01 9.247671179176776279e-01
9.544622101861806041e-01 9.142109432702656413e-01 8.468769417735920735e-01
9.418962897741812723e-01 8.907957230762227896e-01 8.058663909215687537e-01
9.195099285335259776e-01 8.496285289598390911e-01 7.355574658714434388e-01
8.998661101619642722e-01 8.139628731093183633e-01 6.759898719562609237e-01
8.781690693463193309e-01 7.757443678926059238e-01 6.156104053589286362e-01
8.602413713893816150e-01 7.450372624293368773e-01 5.695069159025565320e-01
8.405849326221952467e-01 7.120057192679773994e-01 5.216416310087079733e-01
8.227470040614600633e-01 6.832012376679560406e-01 4.827562235522472323e-01
8.017927306010803612e-01 6.502852773099748740e-01 4.406373319867908922e-01
7.767721857120561957e-01 6.119907580590677743e-01 3.936235652612473657e-01
7.501187408182862226e-01 5.730738236106261985e-01 3.496633084876104025e-01
7.214443530644694125e-01 5.324942578434328500e-01 3.062789185730871999e-01
6.916236081659955515e-01 4.915448722127966352e-01 2.647405856488911358e-01
6.630628265337743521e-01 4.541988462683092531e-01 2.298943829755937807e-01
6.277805612257985057e-01 4.096572864232971845e-01 1.909339485651649904e-01
6.022898306128597889e-01 3.786117974612191461e-01 1.654548883457612751e-01
5.753885510201103282e-01 3.467363042929987316e-01 1.406242097473463515e-01
5.481817979591391277e-01 3.156711909660663284e-01 1.179742568720524160e-01
5.291013367344412632e-01 2.943991345733455445e-01 1.032717037322742892e-01
5.098543755102443731e-01 2.735771165392348325e-01 8.955223496758835111e-02
4.936654428575568687e-01 2.564910578550580467e-01 7.889464921577180045e-02
4.800577204087435046e-01 2.425660848433638939e-01 7.069795144369560302e-02
