9.994296281250000247e-01 9.988799784179687169e-01 9.978395675234794648e-01
9.958663749999999704e-01 9.921043423828125318e-01 9.855425106222153175e-01
9.890894500000000367e-01 9.791152537109375498e-01 9.616128884023665835e-01
9.705616468750000170e-01 9.440093870117187702e-01 8.982998639487266290e-01
9.488568843750000426e-01 9.030781536132812537e-01 8.251225791985511426e-01
9.299310593749999798e-01 8.680001975585937002e-01 7.643799308028220718e-01
9.097299656249999700e-01 8.309364030273437285e-01 7.013515063368797042e-01
8.926576874999999633e-01 8.004798931640625392e-01 6.521538033365249509e-01
8.742851937500000226e-01 7.679923458984374562e-01 6.006428283777236476e-01
8.568471593750000004e-01 7.382549815429687579e-01 5.565472292407035448e-01
8.392679499999999848e-01 7.089273830078125505e-01 5.148848576566695812e-01
8.198292781249999495e-01 6.775615938476562405e-01 4.729318931126594294e-01
7.973855593749999970e-01 6.423066803710937300e-01 4.279576596583366532e-01
7.736274531250000308e-01 6.060584731445312068e-01 3.841246184029579180e-01
7.423879906250000493e-01 5.608683930664062345e-01 3.338696519570350518e-01
7.118735874999999602e-01 5.183507544921874821e-01 2.898763637971877860e-01
6.810202687499999907e-01 4.765058447265624886e-01 2.486062498189926251e-01
6.404626781250000178e-01 4.253723581054687508e-01 2.037212910384178233e-01
6.045032406250000490e-01 3.811796657226562690e-01 1.668798024418830794e-01
5.680631000000000430e-01 3.390420312499999866e-01 1.353111325099945195e-01
5.406437906250000092e-01 3.078772223632812444e-01 1.127713829857826255e-01
5.117853843749999854e-01 2.767870461914062608e-01 9.241405451173782815e-02
4.908433468749999751e-01 2.548747071289062527e-01 7.885460889863968315e-02
4.700188499999999880e-01 2.338939443359374926e-01 6.676974131031036819e-02
4.546956375000000272e-01 2.187900062500000020e-01 5.844643843955993345e-02
4.399034031249999810e-01 2.047250252929687375e-01 5.121158770208358857e-02
